Sof/kriging_ordinario.asc
NCOLS          46        
NROWS          41        
XLLCENTER      200.00    
YLLCENTER      200.00    
DX             10.00     
DY             10.00     
NODATA_VALUE   -999.00   
[rows 0 to 40 of 41, columns 0 to 45 of 46]
1.57 1.67 1.67 1.66 1.64 1.67 1.56 1.49 1.43 1.36 1.19 1.28 1.27 1.25 1.23 1.20 1.22 1.22 1.23 1.24 1.27 1.25 1.25 1.24 1.22 1.19 1.21 1.21 1.22 1.23 1.20 1.27 1.31 1.35 1.39 1.50 1.43 1.43 1.43 1.44 1.41 1.49 1.55 1.61 1.68 1.92
1.76 1.75 1.74 1.72 1.69 1.65 1.60 1.54 1.48 1.42 1.36 1.33 1.30 1.28 1.25 1.23 1.22 1.22 1.22 1.23 1.24 1.24 1.23 1.22 1.21 1.20 1.19 1.19 1.20 1.21 1.22 1.25 1.29 1.33 1.36 1.39 1.39 1.39 1.39 1.40 1.42 1.45 1.51 1.56 1.63 1.67
1.87 1.85 1.82 1.78 1.74 1.70 1.64 1.59 1.53 1.48 1.43 1.39 1.35 1.32 1.29 1.26 1.24 1.23 1.23 1.23 1.23 1.23 1.22 1.21 1.20 1.19 1.18 1.18 1.18 1.19 1.21 1.24 1.27 1.30 1.33 1.34 1.35 1.35 1.35 1.35 1.37 1.40 1.45 1.50 1.55 1.59
1.98 1.95 1.90 1.85 1.79 1.74 1.69 1.64 1.59 1.55 1.51 1.46 1.41 1.37 1.32 1.28 1.26 1.24 1.23 1.23 1.23 1.22 1.21 1.20 1.19 1.18 1.17 1.16 1.16 1.17 1.19 1.22 1.24 1.27 1.29 1.31 1.31 1.31 1.30 1.30 1.31 1.34 1.39 1.43 1.48 1.51
2.09 2.05 1.98 1.91 1.84 1.77 1.72 1.68 1.65 1.62 1.58 1.53 1.47 1.41 1.36 1.31 1.27 1.25 1.24 1.23 1.23 1.22 1.21 1.19 1.18 1.17 1.16 1.15 1.15 1.16 1.17 1.20 1.22 1.25 1.27 1.28 1.28 1.28 1.26 1.25 1.25 1.28 1.33 1.37 1.41 1.44
2.36 2.12 2.04 1.96 1.87 1.76 1.76 1.73 1.70 1.68 1.73 1.59 1.52 1.46 1.39 1.34 1.29 1.26 1.24 1.23 1.28 1.22 1.20 1.19 1.18 1.18 1.15 1.14 1.14 1.14 1.13 1.18 1.21 1.23 1.25 1.26 1.26 1.25 1.23 1.21 1.05 1.23 1.28 1.32 1.35 1.35
2.22 2.16 2.08 1.99 1.91 1.84 1.79 1.76 1.74 1.72 1.69 1.63 1.57 1.49 1.42 1.36 1.31 1.27 1.25 1.23 1.22 1.21 1.19 1.19 1.17 1.16 1.15 1.14 1.13 1.14 1.15 1.18 1.20 1.23 1.25 1.26 1.26 1.24 1.23 1.21 1.20 1.22 1.26 1.29 1.32 1.34
2.24 2.18 2.10 2.01 1.93 1.86 1.82 1.79 1.77 1.75 1.72 1.67 1.60 1.53 1.45 1.39 1.33 1.29 1.25 1.23 1.21 1.19 1.19 1.18 1.17 1.16 1.14 1.13 1.13 1.14 1.15 1.18 1.21 1.24 1.26 1.27 1.27 1.25 1.23 1.22 1.21 1.23 1.25 1.27 1.30 1.32
2.26 2.21 2.12 2.03 1.94 1.87 1.83 1.81 1.80 1.79 1.76 1.70 1.63 1.56 1.48 1.41 1.35 1.30 1.26 1.23 1.20 1.19 1.18 1.18 1.17 1.15 1.14 1.13 1.13 1.14 1.15 1.18 1.22 1.26 1.29 1.30 1.29 1.27 1.25 1.23 1.23 1.24 1.25 1.27 1.28 1.30
2.30 2.23 2.14 2.04 1.93 1.86 1.83 1.83 1.83 1.82 1.79 1.74 1.67 1.59 1.51 1.44 1.38 1.32 1.28 1.23 1.20 1.19 1.19 1.18 1.17 1.16 1.14 1.13 1.13 1.13 1.15 1.19 1.23 1.28 1.32 1.35 1.33 1.30 1.27 1.25 1.24 1.25 1.26 1.27 1.28 1.29
2.49 2.25 2.15 2.04 1.93 1.62 1.84 1.85 1.86 1.85 1.91 1.77 1.69 1.61 1.54 1.47 1.40 1.34 1.29 1.24 1.13 1.20 1.20 1.19 1.18 1.16 1.15 1.14 1.13 1.14 1.12 1.19 1.24 1.30 1.35 1.53 1.37 1.33 1.30 1.27 1.20 1.27 1.29 1.29 1.29 1.17
2.29 2.23 2.15 2.06 1.97 1.90 1.88 1.88 1.88 1.88 1.85 1.79 1.71 1.63 1.55 1.48 1.41 1.36 1.31 1.27 1.24 1.23 1.22 1.21 1.19 1.17 1.15 1.14 1.13 1.14 1.16 1.20 1.25 1.30 1.35 1.38 1.38 1.35 1.33 1.31 1.30 1.31 1.32 1.33 1.34 1.34
2.24 2.20 2.14 2.07 2.01 1.96 1.93 1.92 1.91 1.90 1.86 1.80 1.73 1.64 1.56 1.48 1.43 1.38 1.34 1.31 1.29 1.27 1.25 1.23 1.20 1.18 1.16 1.14 1.14 1.14 1.16 1.20 1.25 1.30 1.35 1.37 1.38 1.37 1.35 1.34 1.34 1.35 1.37 1.38 1.39 1.40
2.20 2.17 2.13 2.08 2.03 1.99 1.96 1.95 1.94 1.92 1.88 1.82 1.74 1.64 1.55 1.48 1.43 1.40 1.38 1.36 1.34 1.31 1.28 1.25 1.21 1.18 1.16 1.14 1.14 1.14 1.16 1.20 1.25 1.30 1.34 1.37 1.38 1.38 1.37 1.38 1.38 1.39 1.41 1.43 1.45 1.47
2.16 2.14 2.10 2.06 2.03 2.00 1.98 1.96 1.95 1.94 1.91 1.84 1.75 1.64 1.54 1.46 1.43 1.42 1.41 1.41 1.40 1.37 1.33 1.28 1.23 1.18 1.16 1.15 1.14 1.14 1.16 1.20 1.25 1.29 1.34 1.37 1.38 1.38 1.38 1.40 1.42 1.43 1.44 1.47 1.50 1.52
2.22 2.09 2.06 2.03 2.01 1.99 1.98 1.97 1.96 1.96 2.05 1.86 1.76 1.65 1.54 1.27 1.44 1.44 1.45 1.46 1.53 1.42 1.37 1.32 1.26 1.09 1.18 1.17 1.16 1.16 1.12 1.20 1.24 1.28 1.33 1.42 1.37 1.37 1.38 1.40 1.52 1.44 1.46 1.49 1.53 1.69
2.01 2.01 2.00 1.98 1.97 1.96 1.96 1.95 1.95 1.95 1.92 1.85 1.77 1.67 1.57 1.50 1.48 1.48 1.49 1.50 1.50 1.47 1.43 1.37 1.31 1.26 1.23 1.21 1.20 1.19 1.20 1.22 1.25 1.28 1.30 1.33 1.34 1.35 1.36 1.38 1.41 1.42 1.45 1.48 1.51 1.54
1.90 1.91 1.92 1.92 1.92 1.92 1.93 1.93 1.93 1.93 1.90 1.84 1.77 1.69 1.61 1.55 1.53 1.53 1.54 1.56 1.55 1.53 1.49 1.43 1.38 1.33 1.29 1.26 1.25 1.24 1.24 1.24 1.26 1.27 1.28 1.29 1.30 1.31 1.32 1.34 1.36 1.39 1.42 1.45 1.48 1.51
1.79 1.81 1.83 1.84 1.86 1.87 1.88 1.90 1.91 1.90 1.88 1.84 1.77 1.70 1.63 1.59 1.57 1.58 1.60 1.62 1.62 1.60 1.55 1.50 1.44 1.39 1.35 1.32 1.30 1.29 1.28 1.27 1.27 1.27 1.26 1.26 1.26 1.27 1.28 1.30 1.32 1.35 1.38 1.41 1.44 1.47
1.67 1.70 1.74 1.76 1.79 1.81 1.83 1.85 1.87 1.88 1.87 1.83 1.77 1.70 1.65 1.61 1.60 1.62 1.65 1.68 1.70 1.67 1.61 1.56 1.50 1.44 1.40 1.38 1.35 1.34 1.32 1.31 1.29 1.27 1.25 1.23 1.23 1.24 1.25 1.26 1.28 1.31 1.34 1.38 1.41 1.43
1.49 1.61 1.65 1.68 1.71 1.73 1.77 1.80 1.83 1.85 1.97 1.81 1.75 1.70 1.65 1.56 1.62 1.64 1.68 1.72 1.94 1.72 1.66 1.61 1.55 1.44 1.46 1.43 1.40 1.38 1.39 1.33 1.31 1.28 1.24 1.11 1.22 1.23 1.23 1.24 1.19 1.28 1.31 1.35 1.38 1.38
1.49 1.52 1.56 1.60 1.63 1.67 1.71 1.74 1.78 1.80 1.81 1.78 1.74 1.69 1.65 1.62 1.62 1.65 1.68 1.72 1.74 1.73 1.69 1.65 1.60 1.56 1.52 1.48 1.45 1.41 1.38 1.35 1.32 1.29 1.26 1.23 1.23 1.23 1.23 1.24 1.25 1.27 1.30 1.33 1.36 1.38
1.42 1.45 1.48 1.52 1.56 1.60 1.64 1.68 1.72 1.75 1.76 1.75 1.71 1.67 1.64 1.62 1.61 1.63 1.65 1.68 1.71 1.71 1.71 1.69 1.66 1.62 1.58 1.53 1.48 1.44 1.39 1.36 1.33 1.30 1.27 1.25 1.24 1.24 1.24 1.25 1.26 1.28 1.30 1.32 1.34 1.37
1.36 1.38 1.41 1.45 1.48 1.52 1.57 1.62 1.67 1.71 1.73 1.72 1.69 1.65 1.62 1.60 1.59 1.60 1.61 1.64 1.67 1.69 1.71 1.71 1.71 1.69 1.64 1.57 1.51 1.45 1.40 1.36 1.33 1.30 1.28 1.26 1.25 1.25 1.26 1.27 1.28 1.29 1.30 1.31 1.33 1.35
1.29 1.32 1.35 1.38 1.41 1.45 1.50 1.56 1.62 1.67 1.70 1.69 1.66 1.62 1.59 1.56 1.55 1.56 1.57 1.59 1.61 1.65 1.69 1.73 1.76 1.76 1.70 1.61 1.53 1.45 1.39 1.35 1.33 1.30 1.27 1.25 1.25 1.26 1.27 1.29 1.30 1.31 1.30 1.31 1.32 1.33
1.19 1.26 1.29 1.32 1.35 1.34 1.44 1.51 1.57 1.64 1.81 1.66 1.63 1.59 1.55 1.47 1.51 1.52 1.52 1.54 1.49 1.61 1.67 1.72 1.78 2.07 1.73 1.63 1.54 1.45 1.31 1.35 1.32 1.30 1.27 1.18 1.24 1.25 1.27 1.30 1.41 1.31 1.30 1.29 1.30 1.30
1.21 1.23 1.25 1.27 1.30 1.34 1.39 1.46 1.53 1.59 1.62 1.61 1.59 1.55 1.52 1.49 1.48 1.48 1.48 1.49 1.52 1.57 1.63 1.69 1.75 1.77 1.72 1.63 1.54 1.45 1.39 1.34 1.32 1.29 1.26 1.24 1.24 1.25 1.26 1.28 1.30 1.29 1.28 1.27 1.27 1.29
1.20 1.21 1.22 1.24 1.26 1.30 1.35 1.42 1.48 1.53 1.56 1.56 1.54 1.51 1.48 1.46 1.44 1.44 1.44 1.45 1.48 1.53 1.59 1.65 1.70 1.72 1.68 1.62 1.53 1.45 1.39 1.34 1.31 1.28 1.26 1.24 1.23 1.24 1.25 1.26 1.27 1.27 1.26 1.25 1.25 1.26
1.19 1.20 1.21 1.22 1.23 1.26 1.31 1.38 1.44 1.49 1.52 1.52 1.50 1.47 1.44 1.41 1.39 1.39 1.39 1.40 1.43 1.48 1.54 1.61 1.66 1.68 1.66 1.60 1.53 1.45 1.38 1.34 1.30 1.27 1.24 1.23 1.22 1.22 1.23 1.23 1.24 1.24 1.23 1.22 1.22 1.23
1.18 1.19 1.19 1.20 1.20 1.23 1.28 1.35 1.41 1.46 1.49 1.49 1.47 1.43 1.39 1.35 1.34 1.34 1.34 1.34 1.37 1.43 1.51 1.58 1.64 1.66 1.64 1.59 1.52 1.44 1.37 1.33 1.29 1.26 1.23 1.21 1.20 1.20 1.21 1.21 1.21 1.21 1.21 1.20 1.20 1.21
1.15 1.18 1.19 1.19 1.19 1.14 1.26 1.33 1.39 1.44 1.54 1.47 1.44 1.40 1.35 1.19 1.30 1.30 1.30 1.30 1.16 1.39 1.48 1.56 1.62 1.72 1.64 1.59 1.53 1.44 1.29 1.32 1.29 1.25 1.22 1.16 1.19 1.19 1.19 1.19 1.19 1.19 1.18 1.18 1.18 1.16
1.18 1.19 1.20 1.20 1.20 1.22 1.27 1.32 1.38 1.43 1.46 1.45 1.42 1.37 1.33 1.29 1.28 1.28 1.28 1.29 1.31 1.38 1.46 1.54 1.61 1.65 1.64 1.60 1.54 1.46 1.39 1.34 1.29 1.26 1.22 1.20 1.18 1.18 1.18 1.18 1.18 1.18 1.17 1.16 1.17 1.18
1.20 1.21 1.21 1.21 1.22 1.24 1.28 1.33 1.38 1.42 1.44 1.44 1.41 1.36 1.32 1.29 1.27 1.26 1.27 1.28 1.31 1.37 1.45 1.54 1.61 1.64 1.65 1.61 1.55 1.49 1.42 1.36 1.31 1.27 1.23 1.20 1.18 1.17 1.17 1.17 1.17 1.16 1.16 1.15 1.16 1.17
1.22 1.23 1.23 1.23 1.24 1.25 1.29 1.34 1.39 1.44 1.46 1.44 1.41 1.36 1.31 1.28 1.26 1.25 1.25 1.27 1.30 1.37 1.45 1.54 1.61 1.66 1.66 1.62 1.57 1.51 1.45 1.38 1.33 1.28 1.23 1.20 1.18 1.17 1.17 1.17 1.16 1.16 1.15 1.15 1.15 1.17
1.24 1.25 1.26 1.26 1.26 1.27 1.31 1.36 1.41 1.46 1.49 1.46 1.41 1.35 1.30 1.26 1.24 1.24 1.24 1.25 1.28 1.35 1.43 1.53 1.63 1.69 1.68 1.63 1.58 1.52 1.47 1.40 1.34 1.29 1.24 1.20 1.18 1.17 1.17 1.17 1.16 1.16 1.15 1.14 1.15 1.17
1.31 1.28 1.29 1.29 1.29 1.20 1.33 1.38 1.43 1.48 1.71 1.47 1.41 1.35 1.29 1.19 1.23 1.22 1.22 1.23 1.15 1.32 1.41 1.51 1.61 1.99 1.67 1.61 1.56 1.52 1.54 1.41 1.35 1.29 1.24 1.13 1.18 1.17 1.17 1.17 1.19 1.16 1.15 1.15 1.16 1.17
1.28 1.30 1.32 1.34 1.35 1.36 1.38 1.41 1.44 1.47 1.48 1.44 1.39 1.34 1.29 1.25 1.23 1.22 1.21 1.22 1.24 1.30 1.37 1.45 1.54 1.60 1.59 1.56 1.52 1.49 1.45 1.39 1.34 1.29 1.24 1.21 1.19 1.18 1.17 1.17 1.17 1.16 1.15 1.16 1.17 1.19
1.28 1.32 1.36 1.39 1.42 1.44 1.45 1.45 1.45 1.44 1.43 1.40 1.36 1.32 1.28 1.25 1.23 1.22 1.21 1.21 1.23 1.27 1.32 1.38 1.44 1.48 1.49 1.48 1.46 1.44 1.40 1.37 1.33 1.29 1.25 1.22 1.20 1.18 1.18 1.17 1.17 1.17 1.16 1.17 1.18 1.20
1.28 1.33 1.39 1.45 1.49 1.52 1.52 1.49 1.46 1.42 1.39 1.36 1.33 1.30 1.27 1.25 1.23 1.21 1.21 1.21 1.22 1.24 1.27 1.31 1.34 1.36 1.38 1.39 1.39 1.38 1.36 1.34 1.31 1.28 1.25 1.22 1.20 1.19 1.18 1.18 1.18 1.17 1.18 1.19 1.20 1.22
1.27 1.33 1.41 1.49 1.57 1.61 1.59 1.53 1.47 1.41 1.35 1.32 1.30 1.28 1.27 1.25 1.23 1.21 1.20 1.20 1.20 1.21 1.23 1.24 1.25 1.26 1.29 1.31 1.33 1.33 1.32 1.31 1.29 1.27 1.24 1.22 1.20 1.19 1.19 1.18 1.18 1.18 1.19 1.20 1.21 1.23
1.09 1.34 1.44 1.53 1.62 1.94 1.63 1.56 1.48 1.40 1.20 1.30 1.29 1.28 1.27 1.27 1.23 1.22 1.20 1.19 1.17 1.19 1.20 1.20 1.19 1.06 1.22 1.25 1.28 1.29 1.27 1.28 1.27 1.26 1.23 1.18 1.20 1.20 1.19 1.19 1.19 1.20 1.20 1.21 1.22 1.23
